"ID","high","low","medium"
1,0.417,0.015,0.568
2,0.076,0.155,0.769
3,0.02,0.754,0.226
4,0.339,0.164,0.497
5,0.036,0.671,0.293
6,0.002,0.972,0.026
7,0.01,0.797,0.193
8,0.197,0.184,0.619
9,0.037,0.839,0.124
10,0.3,0.482,0.218
11,0.072,0.075,0.853
12,0.173,0.158,0.669
13,0.011,0.873,0.116
14,0.099,0.591,0.31
15,0.276,0.307,0.417
16,0.136,0.377,0.487
17,0.108,0.833,0.059
18,0.062,0.763,0.175
19,0.333,0.076,0.591
20,0.04,0.109,0.851
21,0.099,0.343,0.558
22,0.023,0.835,0.142
23,0.112,0.468,0.42
24,0.136,0.429,0.435
25,0.03,0.356,0.614
26,0.102,0.336,0.562
27,0.029,0.726,0.245
28,0.252,0.068,0.68
29,0.03,0.769,0.201
30,0.2,0.155,0.645
31,0.118,0.536,0.346
32,0.177,0.039,0.784
33,0.035,0.824,0.141
34,0.019,0.836,0.145
35,0.195,0.402,0.403
36,0.007,0.935,0.058
37,0.047,0.149,0.804
38,0.121,0.656,0.223
39,0.616,0.072,0.312
40,0.643,0.082,0.275
41,0.17,0.386,0.444
42,0.128,0.094,0.778
43,0.016,0.895,0.089
44,0.031,0.246,0.723
45,0.09,0.263,0.647
46,0.497,0.055,0.448
47,0.082,0.687,0.231
48,0.068,0.201,0.731
49,0.034,0.449,0.517
50,0.261,0.206,0.533
51,0.172,0.113,0.715
52,0.59,0.007,0.403
53,0.252,0.21,0.538
54,0.554,0.042,0.404
55,0.026,0.779,0.195
56,0.021,0.077,0.902
57,0.555,0.3,0.145
58,0.001,0.971,0.028
59,0.062,0.166,0.772
60,0.011,0.608,0.381
61,0.012,0.617,0.371
62,0.083,0.163,0.754
63,0.388,0.089,0.523
64,0.055,0.671,0.274
65,0.065,0.56,0.375
66,0.659,0.093,0.248
67,0.081,0.788,0.131
68,0.557,0.08,0.363
69,0.493,0.111,0.396
70,0.005,0.672,0.323
71,0.084,0.514,0.402
72,0.24,0.068,0.692
73,0.072,0.059,0.869
74,0.059,0.658,0.283
75,0.023,0.114,0.863
76,0.778,0.064,0.158
77,0.008,0.233,0.759
78,0.315,0.159,0.526
79,0.167,0.179,0.654
80,0.224,0.066,0.71
81,0.006,0.965,0.029
82,0.041,0.149,0.81
83,0.004,0.981,0.015
84,0.147,0.245,0.608
85,0.066,0.47,0.464
86,0.084,0.681,0.235
87,0,0.675,0.325
88,0.232,0.549,0.219
89,0.155,0.38,0.465
90,0.215,0.337,0.448
91,0.002,0.981,0.017
92,0.144,0.177,0.679
93,0.623,0.082,0.295
94,0.247,0.419,0.334
95,0.616,0.047,0.337
96,0.055,0.138,0.807
97,0.516,0.188,0.296
98,0.095,0.335,0.57
99,0.247,0.452,0.301
100,0.077,0.414,0.509
101,0.126,0.389,0.485
102,0.068,0.46,0.472
103,0.299,0.06,0.641
104,0.25,0.079,0.671
105,0.221,0.095,0.684
106,0.38,0.051,0.569
107,0.48,0.276,0.244
108,0.12,0.241,0.639
109,0.045,0.427,0.528
110,0.137,0.083,0.78
111,0.013,0.627,0.36
112,0.034,0.679,0.287
113,0.017,0.505,0.478
114,0.432,0.132,0.436
115,0.628,0.052,0.32
116,0.072,0.319,0.609
117,0.098,0.496,0.406
118,0.182,0.159,0.659
119,0.554,0.263,0.183
120,0.096,0.224,0.68
121,0.157,0.165,0.678
122,0.015,0.9,0.085
123,0.035,0.669,0.296
124,0.162,0.339,0.499
125,0.004,0.524,0.472
126,0.055,0.223,0.722
127,0.089,0.258,0.653
128,0.317,0.236,0.447
129,0.015,0.608,0.377
130,0.021,0.933,0.046
131,0.286,0.062,0.652
132,0.243,0.15,0.607
133,0.573,0.017,0.41
134,0.085,0.282,0.633
135,0.01,0.907,0.083
136,0.088,0.567,0.345
137,0.203,0.413,0.384
138,0.101,0.724,0.175
139,0.198,0.427,0.375
140,0.33,0.258,0.412
141,0.02,0.722,0.258
142,0.033,0.144,0.823
143,0.06,0.492,0.448
144,0.206,0.45,0.344
145,0.252,0.409,0.339
146,0.08,0.107,0.813
147,0.351,0.235,0.414
148,0.011,0.738,0.251
149,0.014,0.629,0.357
150,0.015,0.888,0.097
151,0.037,0.911,0.052
152,0.08,0.415,0.505
153,0.338,0.145,0.517
154,0.769,0.13,0.101
155,0.063,0.776,0.161
156,0.086,0.187,0.727
157,0.213,0.411,0.376
158,0.032,0.411,0.557
159,0.409,0.135,0.456
160,0.333,0.185,0.482
161,0.426,0.165,0.409
162,0.212,0.37,0.418
163,0.014,0.496,0.49
164,0.091,0.098,0.811
165,0.326,0.038,0.636
166,0.333,0.322,0.345
167,0.027,0.258,0.715
168,0.023,0.38,0.597
169,0.134,0.205,0.661
170,0.168,0.416,0.416
171,0.196,0.446,0.358
172,0.327,0.118,0.555
173,0.003,0.947,0.05
174,0.106,0.337,0.557
175,0.048,0.242,0.71
176,0.002,0.98,0.018
177,0.115,0.192,0.693
178,0.186,0.418,0.396
179,0.038,0.335,0.627
180,0.117,0.755,0.128
181,0.045,0.244,0.711
182,0.175,0.591,0.234
183,0.244,0.126,0.63
184,0.083,0.506,0.411
185,0.001,0.998,0.001
186,0.041,0.569,0.39
187,0.09,0.318,0.592
188,0.059,0.363,0.578
189,0.046,0.41,0.544
190,0.017,0.441,0.542
191,0.004,0.56,0.436
192,0.009,0.466,0.525
193,0.177,0.039,0.784
194,0.756,0.055,0.189
195,0.005,0.868,0.127
196,0.176,0.18,0.644
197,0.025,0.646,0.329
198,0.302,0.129,0.569
199,0.083,0.3,0.617
200,0.022,0.643,0.335
201,0.15,0.491,0.359
202,0.087,0.705,0.208
203,0.055,0.52,0.425
204,0.122,0.841,0.037
205,0.086,0.754,0.16
206,0.017,0.769,0.214
207,0.023,0.865,0.112
208,0.025,0.449,0.526
209,0.535,0.186,0.279
210,0.046,0.146,0.808
211,0.2,0.214,0.586
212,0.017,0.937,0.046
213,0.497,0.055,0.448
214,0.051,0.678,0.271
215,0.001,0.954,0.045
216,0.241,0.318,0.441
217,0.029,0.769,0.202
218,0.019,0.199,0.782
219,0.361,0.537,0.102
220,0.103,0.276,0.621
221,0.418,0.154,0.428
222,0.018,0.541,0.441
223,0.09,0.493,0.417
224,0.014,0.727,0.259
225,0.096,0.16,0.744
226,0.091,0.676,0.233
227,0.182,0.098,0.72
228,0.038,0.211,0.751
229,0.037,0.075,0.888
230,0.065,0.52,0.415
231,0.014,0.406,0.58
232,0.439,0.076,0.485
233,0.054,0.705,0.241
234,0.062,0.322,0.616
235,0.126,0.147,0.727
236,0.151,0.108,0.741
237,0.267,0.13,0.603
238,0.077,0.305,0.618
239,0.006,0.974,0.02
240,0.067,0.273,0.66
241,0.586,0.053,0.361
242,0.039,0.701,0.26
243,0.016,0.741,0.243
244,0.194,0.462,0.344
245,0.046,0.266,0.688
246,0.22,0.523,0.257
247,0.092,0.256,0.652
248,0.653,0.247,0.1
249,0.023,0.673,0.304
250,0.177,0.085,0.738
251,0.003,0.972,0.025
252,0.177,0.164,0.659
253,0.028,0.543,0.429
254,0.023,0.513,0.464
255,0.402,0.136,0.462
256,0.363,0.062,0.575
257,0.114,0.261,0.625
258,0.046,0.508,0.446
259,0.82,0.035,0.145
260,0.392,0.089,0.519
261,0.048,0.503,0.449
262,0.023,0.5,0.477
263,0.316,0.134,0.55
264,0.08,0.531,0.389
265,0.631,0.039,0.33
266,0.569,0.119,0.312
267,0.627,0.255,0.118
268,0.001,0.99,0.009
269,0.392,0.277,0.331
270,0.041,0.142,0.817
271,0.824,0.021,0.155
272,0.005,0.964,0.031
273,0.149,0.172,0.679
274,0.005,0.929,0.066
275,0.064,0.228,0.708
276,0.656,0.13,0.214
277,0.249,0.121,0.63
278,0.084,0.149,0.767
279,0.025,0.474,0.501
280,0.085,0.476,0.439
281,0.157,0.411,0.432
282,0.029,0.837,0.134
283,0.138,0.366,0.496
284,0.111,0.245,0.644
285,0.213,0.378,0.409
286,0.005,0.944,0.051
287,0.013,0.916,0.071
288,0.2,0.149,0.651
289,0.023,0.18,0.797
290,0.021,0.892,0.087
291,0.283,0.161,0.556
292,0.015,0.251,0.734
293,0.05,0.409,0.541
294,0.048,0.25,0.702
295,0.142,0.192,0.666
296,0.068,0.506,0.426
297,0.24,0.337,0.423
298,0.001,0.962,0.037
299,0.003,0.933,0.064
300,0.063,0.091,0.846
301,0.006,0.932,0.062
302,0.021,0.437,0.542
303,0.105,0.184,0.711
304,0.054,0.38,0.566
305,0.724,0.051,0.225
306,0.242,0.325,0.433
307,0.034,0.244,0.722
308,0.027,0.882,0.091
309,0.406,0.137,0.457
310,0.367,0.108,0.525
311,0.188,0.027,0.785
312,0.216,0.099,0.685
313,0.302,0.397,0.301
314,0.057,0.865,0.078
315,0.255,0.362,0.383
316,0.435,0.204,0.361
317,0.136,0.102,0.762
318,0.001,0.994,0.005
319,0.023,0.922,0.055
320,0.545,0.072,0.383
321,0.018,0.898,0.084
322,0.615,0.091,0.294
323,0.319,0.094,0.587
324,0.008,0.835,0.157
325,0.146,0.335,0.519
326,0.153,0.318,0.529
327,0.019,0.628,0.353
328,0.139,0.67,0.191
329,0.248,0.428,0.324
330,0.017,0.571,0.412
331,0.743,0.179,0.078
332,0.736,0.078,0.186
333,0.443,0.093,0.464
334,0.091,0.195,0.714
335,0.313,0.206,0.481
336,0.028,0.825,0.147
337,0.086,0.365,0.549
338,0.104,0.141,0.755
339,0.121,0.483,0.396
340,0.082,0.204,0.714
341,0.3,0.191,0.509
342,0.326,0.34,0.334
343,0.281,0.232,0.487
344,0.085,0.239,0.676
345,0.209,0.22,0.571
346,0.024,0.626,0.35
347,0.073,0.443,0.484
348,0.03,0.776,0.194
349,0.053,0.197,0.75
350,0.067,0.144,0.789
351,0.059,0.492,0.449
352,0.739,0.084,0.177
353,0.092,0.175,0.733
354,0.178,0.053,0.769
355,0.022,0.722,0.256
356,0.044,0.452,0.504
357,0.281,0.265,0.454
358,0.295,0.366,0.339
359,0.08,0.251,0.669
360,0.193,0.556,0.251
361,0.039,0.879,0.082
362,0.074,0.34,0.586
363,0.087,0.349,0.564
364,0.019,0.583,0.398
365,0.049,0.718,0.233
366,0.183,0.521,0.296
367,0.083,0.678,0.239
368,0.023,0.503,0.474
369,0.006,0.935,0.059
370,0.294,0.218,0.488
371,0.612,0.007,0.381
372,0.051,0.737,0.212
373,0.886,0.054,0.06
374,0.046,0.688,0.266
375,0.023,0.725,0.252
376,0.005,0.282,0.713
377,0.165,0.047,0.788
378,0.169,0.416,0.415
379,0.117,0.36,0.523
380,0.248,0.05,0.702
381,0.893,0.011,0.096
382,0.457,0.119,0.424
383,0.02,0.428,0.552
384,0.03,0.863,0.107
385,0.136,0.225,0.639
386,0.049,0.205,0.746
387,0.101,0.171,0.728
388,0.14,0.152,0.708
389,0.852,0.072,0.076
390,0.033,0.827,0.14
391,0.079,0.547,0.374
392,0.045,0.114,0.841
393,0.471,0.11,0.419
394,0.752,0.068,0.18
395,0.104,0.282,0.614
396,0.303,0.264,0.433
397,0.105,0.072,0.823
398,0.387,0.067,0.546
399,0.18,0.231,0.589
400,0.084,0.704,0.212
401,0.119,0.309,0.572
402,0.153,0.325,0.522
403,0.258,0.395,0.347
404,0.074,0.758,0.168
405,0.031,0.502,0.467
406,0.746,0.073,0.181
407,0.095,0.206,0.699
408,0.185,0.222,0.593
409,0.054,0.443,0.503
410,0.144,0.286,0.57
411,0,0.967,0.033
412,0.396,0.246,0.358
413,0.036,0.401,0.563
414,0.076,0.555,0.369
415,0.002,0.988,0.01
416,0.054,0.235,0.711
417,0.419,0.183,0.398
418,0.883,0.025,0.092
419,0.728,0.073,0.199
420,0,0.992,0.008
421,0.108,0.301,0.591
422,0.066,0.814,0.12
423,0.02,0.893,0.087
424,0.12,0.552,0.328
425,0.442,0.145,0.413
426,0.07,0.451,0.479
427,0.097,0.736,0.167
428,0.113,0.409,0.478
429,0.49,0.198,0.312
430,0.018,0.808,0.174
431,0.182,0.368,0.45
432,0.208,0.327,0.465
433,0.006,0.656,0.338
434,0.177,0.351,0.472
435,0.345,0.075,0.58
436,0.092,0.216,0.692
437,0.331,0.253,0.416
438,0.01,0.729,0.261
439,0.009,0.893,0.098
440,0.027,0.564,0.409
441,0.291,0.208,0.501
442,0.143,0.009,0.848
443,0.046,0.357,0.597
444,0.003,0.939,0.058
445,0.014,0.934,0.052
446,0.179,0.276,0.545
447,0.141,0.354,0.505
448,0.206,0.113,0.681
449,0.055,0.645,0.3
450,0.789,0.098,0.113
451,0.041,0.176,0.783
452,0.053,0.182,0.765
453,0.339,0.072,0.589
454,0.355,0.361,0.284
455,0.025,0.792,0.183
456,0.026,0.815,0.159
457,0.19,0.157,0.653
458,0.375,0.256,0.369
459,0.377,0.085,0.538
460,0.218,0.02,0.762
461,0.036,0.161,0.803
462,0.174,0.244,0.582
463,0.283,0.317,0.4
464,0.039,0.448,0.513
465,0.472,0.374,0.154
466,0.501,0.125,0.374
467,0.031,0.39,0.579
468,0.267,0.236,0.497
469,0.046,0.475,0.479
470,0.066,0.619,0.315
471,0.019,0.906,0.075
472,0.057,0.428,0.515
473,0.653,0.18,0.167
474,0.136,0.615,0.249
475,0.265,0.277,0.458
476,0.502,0.088,0.41
477,0.131,0.404,0.465
478,0.186,0.048,0.766
479,0.039,0.358,0.603
480,0.079,0.19,0.731
481,0.013,0.702,0.285
482,0.091,0.054,0.855
483,0.07,0.356,0.574
484,0.13,0.501,0.369
485,0.099,0.399,0.502
486,0.028,0.611,0.361
487,0.788,0.098,0.114
488,0.008,0.165,0.827
489,0.008,0.712,0.28
490,0.006,0.765,0.229
491,0.053,0.236,0.711
492,0.209,0.176,0.615
493,0.07,0.746,0.184
494,0.654,0.255,0.091
495,0.008,0.57,0.422
496,0.766,0.021,0.213
497,0.09,0.266,0.644
498,0.027,0.917,0.056
499,0.035,0.184,0.781
500,0.556,0.004,0.44
501,0,0.949,0.051
502,0.239,0.498,0.263
503,0.045,0.639,0.316
504,0.052,0.157,0.791
505,0.339,0.325,0.336
506,0.035,0.886,0.079
507,0.328,0.33,0.342
508,0.097,0.362,0.541
509,0.656,0.043,0.301
510,0.028,0.612,0.36
511,0.027,0.499,0.474
512,0.508,0.255,0.237
513,0.025,0.167,0.808
514,0.001,0.996,0.003
515,0.027,0.792,0.181
516,0.039,0.867,0.094
517,0.322,0.187,0.491
518,0.299,0.06,0.641
519,0.152,0.372,0.476
520,0.116,0.241,0.643
521,0.728,0.073,0.199
522,0.003,0.976,0.021
523,0.016,0.187,0.797
524,0.075,0.303,0.622
525,0.169,0.487,0.344
526,0.417,0.174,0.409
527,0.073,0.32,0.607
528,0.91,0.013,0.077
529,0.588,0.069,0.343
530,0.066,0.632,0.302
531,0.176,0.176,0.648
532,0.103,0.832,0.065
533,0.108,0.331,0.561
534,0.034,0.193,0.773
535,0.037,0.075,0.888
536,0.208,0.181,0.611
537,0.067,0.169,0.764
538,0.457,0.121,0.422
539,0.042,0.766,0.192
540,0.037,0.763,0.2
541,0.027,0.521,0.452
542,0.094,0.235,0.671
543,0.157,0.121,0.722
544,0.064,0.313,0.623
545,0.218,0.196,0.586
546,0.886,0.034,0.08
547,0.83,0.133,0.037
548,0.15,0.671,0.179
549,0.091,0.19,0.719
550,0.151,0.274,0.575
551,0.139,0.218,0.643
552,0.529,0.05,0.421
553,0.059,0.049,0.892
554,0.001,0.88,0.119
555,0.433,0.198,0.369
556,0.133,0.556,0.311
557,0.117,0.644,0.239
558,0.029,0.61,0.361
559,0.187,0.055,0.758
560,0.053,0.417,0.53
561,0.813,0.07,0.117
562,0.023,0.87,0.107
563,0.052,0.487,0.461
564,0.867,0.019,0.114
565,0.091,0.238,0.671
566,0.006,0.146,0.848
567,0.008,0.339,0.653
568,0.062,0.406,0.532
569,0.003,0.804,0.193
570,0.003,0.965,0.032
571,0.002,0.145,0.853
572,0.06,0.052,0.888
573,0.023,0.814,0.163
574,0.088,0.114,0.798
575,0.012,0.549,0.439
576,0.136,0.462,0.402
577,0.433,0.23,0.337
578,0.005,0.911,0.084
579,0.026,0.411,0.563
580,0.001,0.964,0.035
581,0.038,0.605,0.357
582,0.264,0.155,0.581
583,0.099,0.115,0.786
584,0.001,0.927,0.072
585,0.382,0.021,0.597
586,0.619,0.027,0.354
587,0,0.998,0.002
588,0.827,0.066,0.107
589,0.018,0.775,0.207
590,0.077,0.593,0.33
591,0.485,0.228,0.287
592,0.379,0.052,0.569
593,0,0.984,0.016
594,0.538,0.066,0.396
595,0.171,0.572,0.257
596,0.078,0.713,0.209
597,0.734,0.113,0.153
598,0.197,0.304,0.499
599,0.122,0.145,0.733
600,0.019,0.959,0.022
601,0.22,0.186,0.594
602,0.004,0.79,0.206
603,0.072,0.403,0.525
604,0.134,0.34,0.526
605,0.004,0.849,0.147
606,0.353,0.208,0.439
607,0.024,0.27,0.706
608,0.049,0.682,0.269
609,0.096,0.83,0.074
610,0.402,0.136,0.462
611,0.345,0.002,0.653
612,0.024,0.725,0.251
613,0.055,0.361,0.584
614,0.079,0.203,0.718
615,0.085,0.716,0.199
616,0.017,0.129,0.854
617,0.01,0.755,0.235
618,0.32,0.24,0.44
619,0.049,0.429,0.522
620,0.09,0.082,0.828
621,0.163,0.056,0.781
622,0.029,0.602,0.369
623,0.221,0.089,0.69
624,0.002,0.715,0.283
625,0.074,0.223,0.703
626,0.206,0.271,0.523
627,0.233,0.432,0.335
628,0.959,0.015,0.026
629,0.137,0.174,0.689
630,0.088,0.465,0.447
631,0.183,0.433,0.384
632,0.818,0.062,0.12
633,0.139,0.17,0.691
634,0.115,0.108,0.777
635,0.066,0.058,0.876
636,0.039,0.405,0.556
637,0.201,0.238,0.561
638,0.112,0.206,0.682
639,0.012,0.877,0.111
640,0.015,0.877,0.108
641,0.048,0.088,0.864
642,0.301,0.157,0.542
643,0.16,0.17,0.67
644,0.253,0.516,0.231
645,0.021,0.553,0.426
646,0.18,0.077,0.743
647,0.074,0.329,0.597
648,0.003,0.624,0.373
649,0.372,0.094,0.534
650,0.035,0.78,0.185
651,0.323,0.589,0.088
652,0.489,0.098,0.413
653,0.061,0.053,0.886
654,0.174,0.103,0.723
655,0.154,0.75,0.096
656,0.043,0.098,0.859
657,0.031,0.821,0.148
658,0.398,0.408,0.194
659,0.059,0.645,0.296
660,0.074,0.016,0.91
661,0.194,0.362,0.444
662,0.217,0.195,0.588
663,0.012,0.315,0.673
664,0.008,0.354,0.638
665,0.146,0.099,0.755
666,0.05,0.786,0.164
667,0.14,0.116,0.744
668,0.18,0.055,0.765
669,0.006,0.891,0.103
670,0.002,0.991,0.007
671,0.435,0.166,0.399
672,0.115,0.448,0.437
673,0.499,0.241,0.26
674,0.601,0.094,0.305
675,0.066,0.576,0.358
676,0.015,0.105,0.88
677,0.037,0.862,0.101
678,0.428,0.098,0.474
679,0.313,0.402,0.285
680,0.211,0.518,0.271
681,0.017,0.117,0.866
682,0.201,0.252,0.547
683,0.049,0.097,0.854
684,0.092,0.412,0.496
685,0.468,0.054,0.478
686,0.068,0.69,0.242
687,0.246,0.294,0.46
688,0.231,0.219,0.55
689,0.203,0.394,0.403
690,0.299,0.291,0.41
691,0.007,0.943,0.05
692,0.108,0.389,0.503
693,0.785,0.101,0.114
694,0.203,0.064,0.733
695,0.01,0.862,0.128
696,0.085,0.449,0.466
697,0.469,0.206,0.325
698,0.034,0.272,0.694
699,0.926,0.024,0.05
700,0.285,0.266,0.449
701,0.019,0.382,0.599
702,0.003,0.963,0.034
703,0.007,0.484,0.509
704,0.105,0.089,0.806
705,0.172,0.472,0.356
706,0.082,0.237,0.681
707,0.036,0.573,0.391
708,0.202,0.244,0.554
709,0.857,0.052,0.091
710,0.171,0.072,0.757
711,0.024,0.37,0.606
712,0.009,0.855,0.136
713,0.38,0.051,0.569
714,0.395,0.249,0.356
715,0.226,0.345,0.429
716,0.044,0.635,0.321
717,0.05,0.783,0.167
718,0.304,0.418,0.278
719,0.062,0.213,0.725
720,0.005,0.703,0.292
721,0.424,0.155,0.421
722,0.274,0.055,0.671
723,0.034,0.826,0.14
724,0.023,0.87,0.107
725,0.158,0.559,0.283
726,0.009,0.408,0.583
727,0.037,0.736,0.227
728,0.233,0.176,0.591
729,0.136,0.086,0.778
730,0.012,0.211,0.777
731,0.057,0.663,0.28
732,0.584,0.297,0.119
733,0.09,0.213,0.697
734,0.436,0.273,0.291
735,0.126,0.145,0.729
736,0.017,0.378,0.605
737,0.043,0.281,0.676
738,0.356,0.136,0.508
739,0.207,0.382,0.411
740,0.025,0.887,0.088
741,0.445,0.186,0.369
742,0.035,0.293,0.672
743,0.192,0.163,0.645
744,0.224,0.136,0.64
745,0.43,0.006,0.564
746,0.033,0.589,0.378
747,0.142,0.086,0.772
748,0.032,0.777,0.191
749,0.179,0.243,0.578
750,0.027,0.555,0.418
751,0.144,0.3,0.556
752,0,0.973,0.027
753,0.103,0.689,0.208
754,0.293,0.236,0.471
755,0.032,0.562,0.406
756,0.39,0.145,0.465
757,0.276,0.3,0.424
758,0.118,0.126,0.756
759,0.109,0.69,0.201
760,0.701,0.059,0.24
761,0.242,0.411,0.347
762,0.017,0.66,0.323
763,0.108,0.12,0.772
764,0.01,0.572,0.418
765,0.11,0.131,0.759
766,0.033,0.754,0.213
767,0.079,0.268,0.653
768,0.29,0.65,0.06
769,0.184,0.116,0.7
770,0.026,0.676,0.298
771,0.222,0.152,0.626
772,0.243,0.122,0.635
773,0.123,0.383,0.494
774,0.18,0.248,0.572
775,0.073,0.631,0.296
776,0.261,0.359,0.38
777,0.007,0.754,0.239
778,0.263,0.48,0.257
779,0.054,0.517,0.429
780,0.009,0.845,0.146
781,0.237,0.221,0.542
782,0.18,0.085,0.735
783,0.006,0.894,0.1
784,0.482,0.142,0.376
785,0.043,0.804,0.153
786,0.083,0.7,0.217
787,0.186,0.344,0.47
788,0.07,0.276,0.654
789,0.666,0.053,0.281
790,0.089,0.092,0.819
791,0.168,0.048,0.784
792,0.133,0.517,0.35
793,0.014,0.934,0.052
794,0.034,0.199,0.767
795,0.215,0.602,0.183
796,0.121,0.419,0.46
797,0.019,0.122,0.859
798,0.029,0.261,0.71
799,0.004,0.969,0.027
800,0.012,0.527,0.461
801,0.037,0.166,0.797
802,0.198,0.085,0.717
803,0.002,0.947,0.051
804,0.234,0.452,0.314
805,0.024,0.696,0.28
806,0.184,0.343,0.473
807,0.326,0.145,0.529
808,0.346,0.23,0.424
809,0.112,0.051,0.837
810,0.15,0.127,0.723
811,0.362,0.116,0.522
812,0.076,0.413,0.511
813,0.036,0.741,0.223
814,0.113,0.094,0.793
815,0.447,0.332,0.221
816,0.502,0.088,0.41
817,0.053,0.442,0.505
818,0.257,0.16,0.583
819,0.029,0.781,0.19
820,0.061,0.911,0.028
821,0.508,0.339,0.153
822,0.219,0.112,0.669
823,0.234,0.289,0.477
824,0.063,0.274,0.663
825,0.008,0.54,0.452
826,0.174,0.257,0.569
827,0.105,0.535,0.36
828,0.179,0.076,0.745
829,0.063,0.441,0.496
830,0.072,0.542,0.386
831,0.197,0.381,0.422
832,0.08,0.123,0.797
833,0.082,0.374,0.544
834,0.001,0.971,0.028
835,0.238,0.278,0.484
836,0.413,0.123,0.464
837,0.046,0.243,0.711
838,0.831,0.06,0.109
839,0.063,0.489,0.448
840,0.08,0.062,0.858
841,0.053,0.122,0.825
842,0.024,0.772,0.204
843,0.429,0.045,0.526
844,0.25,0.079,0.671
845,0.064,0.728,0.208
846,0.268,0.173,0.559
847,0.193,0.124,0.683
848,0.31,0.294,0.396
849,0.084,0.17,0.746
850,0.364,0.076,0.56
851,0.076,0.109,0.815
852,0.338,0.275,0.387
853,0.082,0.277,0.641
854,0.108,0.728,0.164
855,0.056,0.39,0.554
856,0.011,0.548,0.441
857,0.549,0.163,0.288
858,0.645,0.251,0.104
859,0.063,0.448,0.489
860,0.267,0.236,0.497
861,0.015,0.801,0.184
862,0.005,0.965,0.03
863,0.393,0.139,0.468
864,0.007,0.874,0.119
865,0.122,0.099,0.779
866,0.013,0.366,0.621
867,0.002,0.966,0.032
868,0.008,0.64,0.352
869,0.118,0.133,0.749
870,0.003,0.941,0.056
871,0.002,0.993,0.005
872,0.096,0.498,0.406
873,0.532,0.114,0.354
874,0.015,0.595,0.39
875,0.167,0.356,0.477
876,0.245,0.138,0.617
877,0.016,0.535,0.449
878,0.854,0.054,0.092
879,0.196,0.225,0.579
880,0.018,0.836,0.146
881,0.004,0.852,0.144
882,0.028,0.835,0.137
883,0.05,0.263,0.687
884,0.221,0.409,0.37
885,0.001,0.996,0.003
886,0.054,0.241,0.705
887,0.004,0.958,0.038
888,0.427,0.137,0.436
889,0.066,0.329,0.605
890,0.18,0.42,0.4
891,0.049,0.221,0.73
892,0.024,0.183,0.793
893,0.024,0.285,0.691
894,0.181,0.756,0.063
895,0.497,0.204,0.299
896,0.215,0.124,0.661
897,0.204,0.081,0.715
898,0.099,0.235,0.666
899,0.312,0.149,0.539
900,0.008,0.628,0.364
901,0.633,0.025,0.342
902,0.03,0.203,0.767
903,0.032,0.287,0.681
904,0.009,0.654,0.337
905,0.176,0.442,0.382
906,0.189,0.093,0.718
907,0.469,0.206,0.325
908,0.055,0.295,0.65
909,0.198,0.275,0.527
910,0.052,0.418,0.53
911,0.116,0.245,0.639
912,0.35,0.113,0.537
913,0.064,0.312,0.624
914,0.026,0.922,0.052
915,0.033,0.792,0.175
916,0.165,0.409,0.426
917,0.03,0.363,0.607
918,0.2,0.031,0.769
919,0.075,0.455,0.47
920,0.365,0.249,0.386
921,0.242,0.426,0.332
922,0.13,0.677,0.193
923,0.05,0.598,0.352
924,0.599,0.107,0.294
925,0.164,0.703,0.133
926,0.146,0.458,0.396
927,0.111,0.853,0.036
928,0.125,0.076,0.799
929,0.463,0.08,0.457
930,0.354,0.297,0.349
931,0.911,0.027,0.062
932,0.011,0.727,0.262
933,0.546,0.167,0.287
934,0.095,0.212,0.693
935,0.812,0.02,0.168
936,0.105,0.406,0.489
937,0.037,0.807,0.156
938,0.11,0.159,0.731
939,0.119,0.239,0.642
940,0.089,0.751,0.16
941,0.615,0.062,0.323
942,0.268,0.388,0.344
943,0.43,0.207,0.363
944,0.086,0.143,0.771
945,0.014,0.387,0.599
946,0.636,0.083,0.281
947,0.2,0.314,0.486
948,0.423,0.49,0.087
949,0.551,0.131,0.318
950,0.123,0.022,0.855
951,0.008,0.667,0.325
952,0.015,0.947,0.038
953,0.196,0.069,0.735
954,0.042,0.731,0.227
955,0.073,0.607,0.32
956,0.444,0.006,0.55
957,0.159,0.38,0.461
958,0.739,0.084,0.177
959,0.038,0.644,0.318
960,0.309,0.239,0.452
961,0.619,0.06,0.321
962,0.28,0.316,0.404
963,0.033,0.862,0.105
964,0.563,0.039,0.398
965,0.19,0.157,0.653
966,0.806,0.013,0.181
967,0.034,0.527,0.439
968,0.244,0.493,0.263
969,0.021,0.648,0.331
970,0.68,0.182,0.138
971,0.012,0.825,0.163
972,0.059,0.859,0.082
973,0.393,0.126,0.481
974,0.002,0.929,0.069
975,0.109,0.331,0.56
976,0.117,0.081,0.802
977,0.154,0.408,0.438
978,0.368,0.038,0.594
979,0.187,0.495,0.318
980,0.307,0.196,0.497
981,0.008,0.949,0.043
982,0.083,0.283,0.634
983,0.459,0.139,0.402
984,0,0.993,0.007
985,0.092,0.126,0.782
986,0.139,0.237,0.624
987,0.41,0.245,0.345
988,0.213,0.567,0.22
989,0.042,0.368,0.59
990,0.094,0.07,0.836
991,0.17,0.102,0.728
992,0.188,0.108,0.704
993,0.047,0.303,0.65
994,0.033,0.118,0.849
995,0.006,0.961,0.033
996,0.308,0.16,0.532
997,0.057,0.307,0.636
998,0.265,0.317,0.418
999,0.279,0.508,0.213
1000,0.009,0.795,0.196
1001,0.383,0.033,0.584
1002,0.656,0.131,0.213
1003,0.061,0.786,0.153
1004,0.349,0.274,0.377
1005,0.121,0.622,0.257
1006,0,0.912,0.088
1007,0.002,0.985,0.013
1008,0.005,0.935,0.06
1009,0.144,0.214,0.642
1010,0.391,0.098,0.511
1011,0.111,0.186,0.703
1012,0.067,0.65,0.283
1013,0.008,0.671,0.321
1014,0.014,0.682,0.304
1015,0.022,0.531,0.447
1016,0.024,0.879,0.097
1017,0.095,0.222,0.683
1018,0.011,0.664,0.325
1019,0.055,0.762,0.183
1020,0.113,0.158,0.729
1021,0.317,0.124,0.559
1022,0.074,0.291,0.635
1023,0.044,0.416,0.54
1024,0.125,0.196,0.679
1025,0.493,0.111,0.396
1026,0.127,0.398,0.475
1027,0.146,0.305,0.549
1028,0.114,0.248,0.638
1029,0.048,0.14,0.812
1030,0.016,0.558,0.426
1031,0.948,0.025,0.027
1032,0.13,0.24,0.63
1033,0.944,0.021,0.035
1034,0.006,0.937,0.057
1035,0.032,0.892,0.076
1036,0.153,0.436,0.411
1037,0.069,0.68,0.251
1038,0.609,0.299,0.092
1039,0.076,0.268,0.656
1040,0.108,0.12,0.772
1041,0.021,0.124,0.855
1042,0.095,0.133,0.772
1043,0.334,0.307,0.359
1044,0.054,0.314,0.632
1045,0.023,0.845,0.132
1046,0.019,0.386,0.595
1047,0.501,0.241,0.258
1048,0.198,0.091,0.711
1049,0.032,0.445,0.523
1050,0.08,0.188,0.732
1051,0.163,0.043,0.794
1052,0.014,0.496,0.49
1053,0.388,0.137,0.475
1054,0.082,0.094,0.824
1055,0.058,0.503,0.439
1056,0.042,0.673,0.285
1057,0.01,0.81,0.18
1058,0.28,0.082,0.638
1059,0.073,0.651,0.276
1060,0.111,0.186,0.703
1061,0.6,0.085,0.315
1062,0.052,0.505,0.443
1063,0.131,0.058,0.811
1064,0.051,0.169,0.78
1065,0.019,0.52,0.461
1066,0.086,0.371,0.543
1067,0.036,0.518,0.446
1068,0.005,0.868,0.127
1069,0.893,0.011,0.096
1070,0.411,0.102,0.487
1071,0.087,0.54,0.373
1072,0.042,0.821,0.137
1073,0.167,0.438,0.395
1074,0.836,0.042,0.122
1075,0.096,0.593,0.311
1076,0.038,0.847,0.115
1077,0.127,0.093,0.78
1078,0.122,0.067,0.811
1079,0.063,0.301,0.636
1080,0.121,0.573,0.306
1081,0.035,0.649,0.316
1082,0.266,0.191,0.543
1083,0.033,0.198,0.769
1084,0.32,0.122,0.558
1085,0.189,0.091,0.72
1086,0.147,0.293,0.56
1087,0.439,0.076,0.485
1088,0.053,0.316,0.631
1089,0.548,0.036,0.416
1090,0.075,0.69,0.235
1091,0.022,0.308,0.67
1092,0.045,0.385,0.57
1093,0.039,0.529,0.432
1094,0.062,0.095,0.843
1095,0.031,0.463,0.506
1096,0.059,0.176,0.765
1097,0.001,0.993,0.006
1098,0.108,0.664,0.228
1099,0.026,0.597,0.377
1100,0.053,0.666,0.281
1101,0.213,0.206,0.581
1102,0.046,0.652,0.302
1103,0.173,0.232,0.595
1104,0.759,0.103,0.138
1105,0.068,0.626,0.306
1106,0.054,0.141,0.805
1107,0.025,0.264,0.711
1108,0.026,0.088,0.886
1109,0.004,0.771,0.225
1110,0.005,0.941,0.054
1111,0.087,0.196,0.717
1112,0.251,0.053,0.696
1113,0.079,0.153,0.768
1114,0.179,0.564,0.257
1115,0,0.998,0.002
1116,0.004,0.967,0.029
1117,0.006,0.978,0.016
1118,0.008,0.948,0.044
1119,0.075,0.257,0.668
1120,0.121,0.111,0.768
1121,0.203,0.102,0.695
1122,0.191,0.103,0.706
1123,0.07,0.687,0.243
1124,0.085,0.176,0.739
1125,0.016,0.429,0.555
1126,0.137,0.191,0.672
1127,0.026,0.907,0.067
1128,0.057,0.463,0.48
1129,0.143,0.653,0.204
1130,0.129,0.244,0.627
1131,0.032,0.277,0.691
1132,0.089,0.27,0.641
1133,0.029,0.187,0.784
1134,0.001,0.993,0.006
1135,0.017,0.591,0.392
1136,0.331,0.16,0.509
1137,0.075,0.672,0.253
1138,0.109,0.311,0.58
1139,0.031,0.638,0.331
1140,0.645,0.028,0.327
1141,0.097,0.361,0.542
1142,0.043,0.148,0.809
1143,0.078,0.619,0.303
1144,0.081,0.413,0.506
1145,0.022,0.814,0.164
1146,0.745,0.085,0.17
1147,0.279,0.24,0.481
1148,0.38,0.051,0.569
1149,0.011,0.923,0.066
1150,0.024,0.064,0.912
1151,0.008,0.281,0.711
1152,0.888,0.057,0.055
1153,0.078,0.527,0.395
1154,0.246,0.078,0.676
1155,0.233,0.189,0.578
1156,0.808,0.082,0.11
1157,0.069,0.252,0.679
1158,0.358,0.176,0.466
1159,0.092,0.137,0.771
1160,0.082,0.076,0.842
1161,0.959,0.015,0.026
1162,0.06,0.492,0.448
1163,0,0.993,0.007
1164,0.198,0.485,0.317
1165,0.196,0.19,0.614
1166,0.056,0.501,0.443
1167,0.059,0.542,0.399
1168,0.482,0.122,0.396
1169,0.095,0.122,0.783
1170,0.098,0.144,0.758
1171,0.718,0.158,0.124
1172,0.122,0.241,0.637
1173,0.154,0.393,0.453
1174,0.316,0.112,0.572
1175,0.008,0.7,0.292
1176,0.339,0.284,0.377
1177,0.043,0.529,0.428
1178,0.026,0.294,0.68
1179,0.01,0.9,0.09
1180,0.019,0.793,0.188
1181,0.013,0.605,0.382
1182,0.034,0.311,0.655
1183,0.416,0.212,0.372
1184,0.52,0.099,0.381
1185,0,0.992,0.008
1186,0.042,0.078,0.88
1187,0.307,0.088,0.605
1188,0.167,0.071,0.762
1189,0.02,0.918,0.062
1190,0.186,0.29,0.524
1191,0.003,0.947,0.05
1192,0.034,0.649,0.317
1193,0.101,0.106,0.793
1194,0.056,0.55,0.394
1195,0.085,0.629,0.286
1196,0.043,0.713,0.244
1197,0.019,0.639,0.342
1198,0.099,0.591,0.31
1199,0.005,0.953,0.042
1200,0.023,0.544,0.433
1201,0.117,0.122,0.761
1202,0.097,0.229,0.674
1203,0.076,0.752,0.172
1204,0.222,0.327,0.451
1205,0.066,0.577,0.357
1206,0.088,0.363,0.549
1207,0.202,0.582,0.216
1208,0.091,0.453,0.456
1209,0.067,0.518,0.415
1210,0.106,0.084,0.81
1211,0.587,0.07,0.343
1212,0.683,0.097,0.22
1213,0.22,0.232,0.548
1214,0.326,0.074,0.6
1215,0.074,0.133,0.793
1216,0.139,0.132,0.729
1217,0.018,0.856,0.126
1218,0.083,0.389,0.528
1219,0.754,0.125,0.121
1220,0.068,0.558,0.374
1221,0.137,0.112,0.751
1222,0.027,0.843,0.13
1223,0.144,0.266,0.59
1224,0.104,0.272,0.624
1225,0.461,0.1,0.439
1226,0.03,0.503,0.467
1227,0.01,0.565,0.425
1228,0.012,0.486,0.502
1229,0.069,0.408,0.523
1230,0.055,0.174,0.771
1231,0.016,0.904,0.08
1232,0.051,0.619,0.33
1233,0.353,0.267,0.38
1234,0.43,0.075,0.495
1235,0.092,0.184,0.724
1236,0.007,0.976,0.017
1237,0.071,0.174,0.755
1238,0.032,0.381,0.587
1239,0,0.992,0.008
1240,0.004,0.685,0.311
1241,0.015,0.488,0.497
1242,0.025,0.562,0.413
1243,0.074,0.214,0.712
1244,0.06,0.484,0.456
1245,0.385,0.01,0.605
1246,0.305,0.077,0.618
1247,0.003,0.7,0.297
1248,0.159,0.084,0.757
1249,0.252,0.426,0.322
1250,0.07,0.735,0.195
1251,0.148,0.175,0.677
1252,0.231,0.151,0.618
1253,0.01,0.426,0.564
1254,0.01,0.343,0.647
1255,0.264,0.155,0.581
1256,0.616,0.071,0.313
1257,0.043,0.137,0.82
1258,0.046,0.357,0.597
1259,0.022,0.528,0.45
1260,0.033,0.707,0.26
1261,0.036,0.645,0.319
1262,0.002,0.964,0.034
1263,0.337,0.171,0.492
1264,0.02,0.44,0.54
1265,0.257,0.081,0.662
1266,0.01,0.663,0.327
1267,0.886,0.021,0.093
1268,0.352,0.106,0.542
1269,0.369,0.389,0.242
1270,0.127,0.11,0.763
1271,0.045,0.741,0.214
1272,0.933,0.008,0.059
1273,0.439,0.196,0.365
1274,0.167,0.229,0.604
1275,0.053,0.31,0.637
1276,0.172,0.136,0.692
1277,0.413,0.065,0.522
1278,0.673,0.215,0.112
1279,0,0.994,0.006
1280,0.052,0.437,0.511
1281,0.203,0.366,0.431
1282,0.05,0.779,0.171
1283,0.016,0.249,0.735
1284,0.037,0.508,0.455
1285,0.082,0.277,0.641
1286,0.028,0.787,0.185
1287,0.1,0.148,0.752
1288,0.005,0.962,0.033
1289,0.231,0.431,0.338
1290,0.239,0.203,0.558
1291,0.115,0.191,0.694
1292,0.028,0.384,0.588
1293,0.111,0.422,0.467
1294,0.385,0.108,0.507
1295,0.046,0.316,0.638
1296,0.02,0.587,0.393
1297,0.234,0.219,0.547
1298,0.045,0.195,0.76
1299,0.364,0.171,0.465
1300,0.02,0.917,0.063
1301,0.019,0.515,0.466
1302,0.096,0.576,0.328
1303,0.088,0.434,0.478
1304,0.067,0.328,0.605
1305,0.334,0.243,0.423
1306,0.564,0.135,0.301
1307,0.042,0.686,0.272
1308,0.004,0.764,0.232
1309,0.119,0.097,0.784
1310,0.103,0.325,0.572
1311,0.041,0.512,0.447
1312,0.027,0.747,0.226
1313,0.044,0.151,0.805
1314,0.068,0.357,0.575
1315,0.058,0.369,0.573
1316,0.041,0.088,0.871
1317,0.515,0.211,0.274
1318,0.004,0.973,0.023
1319,0.2,0.235,0.565
1320,0.345,0.075,0.58
1321,0.04,0.884,0.076
1322,0.234,0.107,0.659
1323,0.033,0.329,0.638
1324,0.009,0.966,0.025
1325,0.131,0.501,0.368
1326,0.193,0.408,0.399
1327,0.141,0.464,0.395
1328,0.016,0.926,0.058
1329,0.392,0.179,0.429
1330,0.031,0.885,0.084
1331,0.024,0.872,0.104
1332,0.005,0.911,0.084
1333,0.077,0.283,0.64
1334,0.052,0.457,0.491
1335,0.21,0.462,0.328
1336,0.089,0.345,0.566
1337,0.089,0.649,0.262
1338,0.241,0.35,0.409
1339,0.346,0.186,0.468
1340,0.299,0.122,0.579
1341,0.011,0.483,0.506
1342,0.499,0.206,0.295
1343,0.051,0.747,0.202
1344,0.364,0.071,0.565
1345,0.066,0.136,0.798
1346,0.116,0.284,0.6
1347,0.023,0.653,0.324
1348,0.096,0.208,0.696
1349,0.023,0.151,0.826
1350,0.059,0.78,0.161
1351,0.02,0.885,0.095
1352,0.142,0.355,0.503
1353,0.129,0.5,0.371
1354,0.094,0.097,0.809
1355,0.263,0.005,0.732
1356,0.005,0.869,0.126
1357,0.055,0.377,0.568
1358,0.264,0.213,0.523
1359,0.222,0.407,0.371
1360,0.014,0.758,0.228
1361,0.151,0.336,0.513
1362,0.07,0.324,0.606
1363,0.109,0.228,0.663
1364,0.128,0.359,0.513
1365,0.18,0.716,0.104
1366,0.043,0.752,0.205
1367,0.101,0.212,0.687
1368,0.094,0.415,0.491
1369,0.049,0.151,0.8
1370,0.003,0.985,0.012
1371,0.004,0.951,0.045
1372,0.132,0.226,0.642
1373,0.187,0.154,0.659
1374,0.256,0.172,0.572
1375,0.169,0.031,0.8
1376,0.297,0.22,0.483
1377,0.478,0.333,0.189
1378,0.273,0.168,0.559
1379,0.089,0.164,0.747
1380,0.421,0.088,0.491
1381,0.094,0.176,0.73
1382,0.297,0.065,0.638
1383,0.066,0.704,0.23
1384,0.253,0.141,0.606
1385,0.324,0.13,0.546
1386,0.054,0.343,0.603
1387,0.049,0.651,0.3
1388,0.003,0.869,0.128
1389,0.028,0.506,0.466
1390,0.216,0.449,0.335
1391,0.222,0.144,0.634
1392,0.01,0.599,0.391
1393,0.17,0.133,0.697
1394,0.023,0.098,0.879
1395,0.002,0.92,0.078
1396,0.014,0.929,0.057
1397,0.17,0.233,0.597
1398,0.431,0.069,0.5
1399,0.419,0.164,0.417
1400,0.059,0.774,0.167
1401,0.052,0.725,0.223
1402,0.258,0.281,0.461
1403,0.064,0.119,0.817
1404,0.347,0.066,0.587
1405,0.122,0.841,0.037
1406,0.005,0.916,0.079
1407,0.425,0.243,0.332
1408,0.052,0.205,0.743
1409,0.063,0.058,0.879
1410,0,0.984,0.016
1411,0.23,0.243,0.527
1412,0.14,0.241,0.619
1413,0.21,0.423,0.367
1414,0,0.997,0.003
1415,0.4,0.227,0.373
1416,0.051,0.431,0.518
1417,0.547,0.23,0.223
1418,0.062,0.756,0.182
1419,0.093,0.441,0.466
1420,0.017,0.572,0.411
1421,0.157,0.165,0.678
1422,0.062,0.329,0.609
1423,0.031,0.306,0.663
1424,0.339,0.099,0.562
1425,0.131,0.245,0.624
1426,0.135,0.107,0.758
1427,0.107,0.123,0.77
1428,0.081,0.163,0.756
1429,0.401,0.174,0.425
1430,0.902,0.009,0.089
1431,0.058,0.107,0.835
1432,0.006,0.973,0.021
1433,0.073,0.184,0.743
1434,0.003,0.68,0.317
1435,0.603,0.059,0.338
1436,0.506,0.205,0.289
1437,0.447,0.228,0.325
1438,0.013,0.738,0.249
1439,0.191,0.086,0.723
1440,0.037,0.404,0.559
1441,0.077,0.11,0.813
1442,0.222,0.06,0.718
1443,0.074,0.173,0.753
1444,0.197,0.431,0.372
1445,0.257,0.283,0.46
1446,0.158,0.064,0.778
1447,0.009,0.648,0.343
1448,0.012,0.19,0.798
1449,0.028,0.113,0.859
1450,0.104,0.05,0.846
1451,0.026,0.843,0.131
1452,0.792,0.034,0.174
1453,0.032,0.14,0.828
1454,0.105,0.285,0.61
1455,0.495,0.061,0.444
1456,0.123,0.493,0.384
1457,0.139,0.375,0.486
1458,0.074,0.55,0.376
1459,0.083,0.361,0.556
1460,0.081,0.1,0.819
1461,0.017,0.774,0.209
1462,0.09,0.318,0.592
1463,0.003,0.942,0.055
1464,0.008,0.59,0.402
1465,0.812,0.02,0.168
1466,0.08,0.622,0.298
1467,0.031,0.848,0.121
1468,0.004,0.895,0.101
1469,0.009,0.663,0.328
1470,0.192,0.551,0.257
1471,0.14,0.473,0.387
1472,0.215,0.337,0.448
1473,0.115,0.353,0.532
1474,0.116,0.792,0.092
1475,0.006,0.952,0.042
1476,0.032,0.509,0.459
1477,0.142,0.279,0.579
1478,0.414,0.138,0.448
1479,0.02,0.428,0.552
1480,0.888,0.052,0.06
1481,0.171,0.079,0.75
1482,0.169,0.272,0.559
1483,0.002,0.964,0.034
1484,0.015,0.604,0.381
1485,0.007,0.724,0.269
1486,0.326,0.302,0.372
1487,0.005,0.941,0.054
1488,0.001,0.968,0.031
1489,0.214,0.284,0.502
1490,0.195,0.42,0.385
1491,0.355,0.377,0.268
1492,0.606,0.106,0.288
1493,0.015,0.833,0.152
1494,0.124,0.132,0.744
1495,0.022,0.835,0.143
1496,0.099,0.271,0.63
1497,0.474,0.189,0.337
1498,0.006,0.932,0.062
1499,0.029,0.276,0.695
1500,0.025,0.771,0.204
1501,0.093,0.412,0.495
1502,0.118,0.117,0.765
1503,0.064,0.697,0.239
1504,0.856,0.021,0.123
1505,0.038,0.788,0.174
1506,0.243,0.341,0.416
1507,0.044,0.861,0.095
1508,0.051,0.225,0.724
1509,0.177,0.414,0.409
1510,0.547,0.263,0.19
1511,0.295,0.241,0.464
1512,0.319,0.197,0.484
1513,0.203,0.439,0.358
1514,0.172,0.457,0.371
1515,0.839,0.071,0.09
1516,0.169,0.184,0.647
1517,0.074,0.668,0.258
1518,0.071,0.802,0.127
1519,0.094,0.424,0.482
1520,0.893,0.011,0.096
1521,0.002,0.973,0.025
1522,0.094,0.347,0.559
1523,0.252,0.256,0.492
1524,0.068,0.467,0.465
1525,0.158,0.46,0.382
1526,0.156,0.538,0.306
1527,0.324,0.136,0.54
1528,0.22,0.233,0.547
1529,0.089,0.211,0.7
1530,0.271,0.092,0.637
1531,0.022,0.447,0.531
1532,0.614,0.113,0.273
1533,0.079,0.361,0.56
1534,0.082,0.073,0.845
1535,0.111,0.299,0.59
1536,0.255,0.362,0.383
1537,0.203,0.177,0.62
1538,0.18,0.064,0.756
1539,0.157,0.091,0.752
1540,0.383,0.229,0.388
1541,0.155,0.506,0.339
1542,0.07,0.292,0.638
1543,0.144,0.01,0.846
1544,0.148,0.238,0.614
1545,0.012,0.944,0.044
1546,0.358,0.392,0.25
1547,0.217,0.134,0.649
1548,0.022,0.367,0.611
1549,0.137,0.213,0.65
1550,0.085,0.636,0.279
1551,0.713,0.082,0.205
1552,0.415,0.06,0.525
1553,0.015,0.608,0.377
1554,0.237,0.114,0.649
1555,0.732,0.098,0.17
1556,0.005,0.979,0.016
1557,0.152,0.165,0.683
1558,0.001,0.977,0.022
1559,0.109,0.303,0.588
1560,0.04,0.706,0.254
1561,0.093,0.241,0.666
1562,0.069,0.734,0.197
1563,0.022,0.285,0.693
1564,0.093,0.489,0.418
1565,0.235,0.322,0.443
1566,0.443,0.113,0.444
1567,0.014,0.911,0.075
1568,0.332,0.104,0.564
1569,0.694,0.124,0.182
1570,0.235,0.626,0.139
1571,0.157,0.736,0.107
1572,0.045,0.812,0.143
1573,0.052,0.392,0.556
1574,0.083,0.054,0.863
1575,0.126,0.094,0.78
1576,0.696,0.006,0.298
1577,0,0.989,0.011
1578,0.183,0.136,0.681
1579,0.02,0.899,0.081
1580,0.022,0.281,0.697
1581,0.132,0.08,0.788
1582,0.018,0.865,0.117
1583,0.081,0.102,0.817
1584,0.004,0.964,0.032
1585,0.023,0.865,0.112
1586,0.015,0.896,0.089
1587,0.582,0.262,0.156
1588,0.133,0.241,0.626
1589,0.003,0.957,0.04
1590,0.043,0.697,0.26
1591,0.129,0.319,0.552
1592,0.608,0.034,0.358
1593,0.964,0.014,0.022
1594,0.003,0.966,0.031
1595,0.049,0.305,0.646
1596,0.04,0.787,0.173
1597,0.025,0.85,0.125
1598,0.322,0.394,0.284
1599,0.037,0.075,0.888
1600,0.08,0.493,0.427
1601,0.229,0.078,0.693
1602,0.153,0.177,0.67
1603,0.119,0.175,0.706
1604,0.007,0.977,0.016
1605,0.222,0.219,0.559
1606,0.099,0.266,0.635
1607,0.007,0.939,0.054
1608,0.006,0.914,0.08
1609,0.144,0.24,0.616
1610,0.032,0.533,0.435
1611,0.272,0.129,0.599
1612,0.078,0.097,0.825
1613,0.131,0.523,0.346
1614,0.005,0.97,0.025
1615,0.275,0.411,0.314
1616,0.128,0.173,0.699
1617,0.078,0.225,0.697
1618,0.059,0.362,0.579
1619,0.169,0.031,0.8
1620,0.083,0.163,0.754
1621,0.023,0.477,0.5
1622,0.001,0.995,0.004
1623,0.122,0.264,0.614
1624,0.01,0.132,0.858
1625,0.053,0.597,0.35
1626,0.116,0.797,0.087
1627,0.063,0.907,0.03
1628,0.028,0.335,0.637
1629,0.245,0.296,0.459
1630,0.037,0.215,0.748
1631,0.012,0.923,0.065
1632,0.122,0.555,0.323
1633,0.726,0.126,0.148
1634,0.227,0.319,0.454
1635,0.05,0.824,0.126
1636,0.033,0.389,0.578
1637,0.447,0.267,0.286
1638,0.105,0.042,0.853
1639,0.001,0.982,0.017
1640,0.065,0.365,0.57
1641,0.198,0.06,0.742
1642,0.273,0.442,0.285
1643,0.175,0.109,0.716
1644,0.034,0.699,0.267
1645,0.251,0.177,0.572
1646,0.171,0.364,0.465
1647,0.12,0.338,0.542
1648,0.204,0.158,0.638
1649,0.261,0.285,0.454
1650,0.129,0.405,0.466
1651,0.046,0.109,0.845
1652,0.145,0.239,0.616
1653,0.071,0.347,0.582
1654,0.109,0.118,0.773
1655,0.074,0.173,0.753
1656,0.021,0.841,0.138
1657,0.381,0.212,0.407
1658,0.044,0.777,0.179
1659,0.319,0.114,0.567
1660,0.059,0.295,0.646
1661,0.307,0.196,0.497
1662,0.019,0.399,0.582
1663,0.176,0.484,0.34
1664,0.011,0.6,0.389
1665,0.077,0.435,0.488
1666,0.861,0.04,0.099
1667,0.137,0.381,0.482
1668,0.153,0.514,0.333
1669,0.198,0.305,0.497
1670,0.003,0.948,0.049
1671,0.788,0.056,0.156
1672,0.108,0.189,0.703
1673,0.088,0.305,0.607
1674,0.008,0.794,0.198
1675,0.471,0.11,0.419
1676,0.01,0.945,0.045
1677,0.002,0.977,0.021
1678,0.008,0.588,0.404
1679,0.089,0.353,0.558
1680,0.022,0.474,0.504
1681,0.08,0.129,0.791
1682,0.535,0.055,0.41
1683,0.019,0.326,0.655
1684,0.337,0.09,0.573
1685,0.264,0.257,0.479
1686,0.125,0.574,0.301
1687,0.015,0.648,0.337
1688,0.251,0.263,0.486
1689,0.039,0.459,0.502
1690,0.034,0.405,0.561
1691,0.056,0.22,0.724
1692,0.029,0.215,0.756
1693,0.019,0.697,0.284
1694,0.061,0.645,0.294
1695,0.201,0.272,0.527
1696,0.294,0.058,0.648
1697,0.006,0.964,0.03
1698,0.335,0.103,0.562
1699,0.062,0.176,0.762
1700,0.063,0.108,0.829
1701,0.192,0.198,0.61
1702,0.127,0.132,0.741
1703,0.013,0.884,0.103
1704,0.124,0.216,0.66
1705,0.105,0.084,0.811
1706,0.444,0.013,0.543
1707,0.081,0.836,0.083
1708,0.034,0.158,0.808
1709,0.005,0.885,0.11
1710,0.244,0.368,0.388
1711,0.016,0.862,0.122
1712,0.117,0.322,0.561
1713,0.345,0.202,0.453
1714,0.103,0.569,0.328
1715,0.068,0.697,0.235
1716,0.017,0.12,0.863
1717,0.071,0.563,0.366
1718,0.045,0.741,0.214
1719,0.106,0.085,0.809
1720,0.055,0.834,0.111
1721,0.293,0.274,0.433
1722,0.158,0.075,0.767
1723,0.129,0.335,0.536
1724,0.062,0.517,0.421
1725,0.017,0.66,0.323
1726,0.776,0.058,0.166
1727,0.048,0.395,0.557
1728,0.026,0.54,0.434
1729,0.15,0.444,0.406
1730,0.018,0.6,0.382
1731,0.031,0.24,0.729
1732,0.201,0.487,0.312
1733,0.706,0.085,0.209
1734,0.029,0.473,0.498
1735,0.632,0.13,0.238
1736,0.12,0.16,0.72
1737,0.043,0.808,0.149
1738,0.089,0.645,0.266
1739,0.5,0.143,0.357
1740,0.001,0.987,0.012
1741,0.071,0.262,0.667
1742,0.097,0.451,0.452
1743,0.038,0.317,0.645
1744,0.003,0.963,0.034
1745,0.243,0.066,0.691
1746,0.057,0.447,0.496
1747,0.645,0.211,0.144
1748,0.037,0.072,0.891
1749,0.074,0.352,0.574
1750,0.012,0.952,0.036
1751,0.283,0.219,0.498
1752,0.448,0.225,0.327
1753,0.751,0.126,0.123
1754,0.201,0.051,0.748
1755,0.145,0.15,0.705
1756,0.11,0.442,0.448
1757,0.588,0.069,0.343
1758,0.287,0.489,0.224
1759,0.12,0.66,0.22
1760,0.062,0.794,0.144
1761,0.851,0.061,0.088
1762,0.013,0.874,0.113
1763,0.09,0.497,0.413
1764,0.215,0.085,0.7
1765,0.325,0.167,0.508
1766,0.051,0.549,0.4
1767,0.194,0.11,0.696
1768,0.019,0.851,0.13
1769,0.173,0.17,0.657
1770,0.489,0.121,0.39
1771,0.14,0.251,0.609
1772,0.043,0.371,0.586
1773,0.523,0.197,0.28
1774,0.312,0.017,0.671
1775,0.209,0.294,0.497
1776,0.003,0.922,0.075
1777,0.345,0.202,0.453
1778,0.429,0.221,0.35
1779,0.47,0.118,0.412
1780,0.117,0.35,0.533
1781,0.008,0.948,0.044
1782,0.041,0.348,0.611
1783,0.014,0.286,0.7
1784,0.094,0.665,0.241
1785,0.082,0.377,0.541
1786,0.334,0.004,0.662
1787,0.084,0.526,0.39
1788,0.007,0.958,0.035
1789,0.142,0.27,0.588
1790,0.017,0.755,0.228
1791,0.637,0.221,0.142
1792,0.015,0.565,0.42
1793,0.594,0.23,0.176
1794,0.197,0.381,0.422
1795,0.118,0.658,0.224
1796,0.057,0.763,0.18
1797,0.114,0.155,0.731
1798,0.743,0.057,0.2
1799,0.145,0.323,0.532
1800,0.166,0.319,0.515
1801,0.027,0.863,0.11
1802,0.08,0.692,0.228
1803,0.046,0.67,0.284
1804,0.495,0.071,0.434
1805,0.711,0.163,0.126
1806,0.466,0.212,0.322
1807,0.112,0.206,0.682
1808,0.143,0.545,0.312
1809,0.052,0.139,0.809
1810,0.017,0.693,0.29
1811,0.008,0.917,0.075
1812,0.094,0.658,0.248
